examples/projects/example1_Maritimes_AIS/bathy.asc
ncols 172
nrows 101
xllcenter -68.99583333333334
yllcenter 39.89583333333334
cellsize 0.08333333333333315
nodata_value -32768
[rows 0 to 37 of 101, columns 0 to 83 of 172]
95 163 200 234 234 176 192 246 436 332 427 376 497 448 484 390 426 392 227 257 348 242 235 327 378 311 454 395 377 364 86 301 303 445 458 404 285 92 118 31 349 119 304 400 294 381 352 184 60 157 158 -30 -92 -90 -94 -98 -63 -74 -64 -54 -66 -73 -85 -93 -100 -98 -94 -86 -79 -63 -60 -69 -70 -71 -76 -85 -94 -88 -65 -66 -69 -96 -108 -112
344 403 364 257 214 315 217 245 339 356 366 452 367 444 333 417 314 412 338 443 370 356 141 311 365 311 384 320 316 232 109 106 12 277 164 229 -9 -10 44 141 129 146 124 145 165 299 196 122 84 -40 -83 -87 -82 -78 -71 -46 -33 -30 -33 -38 -47 -58 -83 -81 -95 -93 -84 -94 -65 -66 -70 -74 -67 -73 -74 -84 -95 -76 -62 -66 -68 -72 -90 -84
260 347 291 267 316 239 308 298 493 432 378 379 366 422 418 427 362 265 422 509 294 398 280 271 323 290 149 150 280 70 -3 73 -24 -13 -20 -22 -21 -24 -28 -30 -29 -12 18 30 117 40 14 -23 -55 -82 -81 -84 -79 -42 -16 -13 -17 -25 -29 -34 -50 -90 -99 -141 -91 -81 -85 -70 -76 -70 -58 -57 -66 -65 -73 -87 -91 -66 -60 -65 -87 -79 -78 -69
257 294 209 274 244 343 318 413 494 425 395 348 415 399 386 345 502 321 527 291 384 304 272 270 228 114 147 83 143 214 119 44 27 7 -4 -12 -24 -27 -29 -33 -38 -34 -21 -26 -35 -53 -74 -77 -76 -71 -61 -46 -14 -9 -2 -10 -23 -25 -29 -45 -75 -75 -91 -97 -74 -73 -64 -71 -68 -61 -58 -58 -64 -68 -74 -79 -84 -67 -70 -76 -84 -76 -69 -59
212 243 260 225 301 286 433 366 503 448 428 428 449 262 307 430 381 457 380 369 164 236 110 242 64 254 128 284 320 235 222 242 225 203 163 55 51 45 8 -15 -34 -49 -53 -61 -65 -69 -73 -68 -57 -39 -19 -14 -3 1 -2 -21 -26 -32 -39 -77 -88 -68 -85 -84 -64 -60 -66 -70 -75 -79 -71 -62 -70 -68 -71 -81 -61 -64 -68 -78 -68 -62 -54 -55
309 269 231 194 163 314 336 302 490 409 512 481 441 411 410 239 383 340 278 198 208 289 309 220 246 80 231 315 285 289 380 363 366 353 273 140 177 146 90 33 -26 -38 -46 -54 -46 -20 17 9 -2 -2 -2 -2 3 17 -13 -29 -32 -42 -59 -82 -78 -74 -81 -75 -63 -69 -66 -73 -76 -82 -74 -71 -72 -74 -72 -66 -63 -64 -70 -72 -64 -59 -55 -52
307 165 286 213 350 312 267 336 337 348 495 492 538 538 342 471 347 272 218 263 292 331 334 384 291 226 137 139 276 364 410 446 381 233 326 311 244 188 114 50 -13 -21 -30 -8 60 54 25 31 27 26 6 3 -2 -12 -27 -29 -37 -51 -72 -78 -76 -66 -60 -66 -70 -77 -74 -78 -75 -78 -73 -68 -66 -59 -58 -59 -62 -69 -66 -63 -61 -59 -55 -49
263 206 242 327 275 399 257 385 423 322 403 396 463 440 389 357 346 322 146 222 300 383 436 271 244 298 282 132 203 187 302 342 273 252 209 286 249 183 136 62 9 15 34 65 93 71 56 37 33 5 2 -10 -16 -21 -27 -34 -49 -57 -66 -75 -52 -54 -58 -66 -73 -74 -73 -80 -69 -67 -59 -60 -56 -59 -57 -58 -66 -68 -74 -54 -56 -56 -48 -40
354 420 296 345 256 240 203 298 339 283 332 353 435 375 374 289 308 220 272 269 296 377 277 243 241 275 300 370 409 365 370 423 462 365 414 281 243 190 125 78 18 46 113 125 76 73 46 70 28 5 -10 -17 -18 -23 -27 -42 -49 -55 -63 -61 -37 -52 -64 -61 -71 -71 -70 -71 -73 -82 -67 -50 -54 -52 -57 -51 -62 -67 -74 -63 -60 -54 -45 -37
220 375 315 376 400 355 327 291 317 276 259 373 408 285 323 292 300 271 242 310 354 322 262 256 248 359 472 421 447 456 262 577 404 400 302 320 277 218 145 98 68 87 162 123 123 76 68 40 41 2 -10 -17 -21 -26 -35 -43 -50 -58 -62 -40 -42 -55 -62 -68 -69 -58 -67 -73 -76 -78 -64 -55 -53 -48 -51 -55 -62 -74 -72 -57 -56 -50 -44 -32
356 212 363 336 321 344 327 351 229 295 200 215 259 322 257 228 295 231 348 311 337 270 257 338 312 347 340 358 379 495 254 271 401 413 196 291 293 248 140 80 87 143 158 124 81 56 66 37 14 -3 -14 -18 -25 -31 -37 -41 -53 -55 -42 -35 -41 -52 -63 -64 -64 -57 -67 -70 -73 -64 -65 -62 -56 -52 -48 -51 -64 -108 -73 -63 -49 -47 -34 -24
442 452 318 392 320 312 249 259 318 306 155 214 187 236 171 307 330 343 314 291 250 284 241 298 376 442 580 541 480 558 443 381 536 453 410 353 267 200 115 88 125 159 122 105 81 47 31 41 5 -8 -17 -21 -24 -32 -37 -42 -46 -50 -41 -38 -38 -50 -53 -62 -65 -68 -65 -65 -69 -62 -63 -66 -63 -61 -55 -55 -64 -70 -62 -57 -49 -35 -26 -18
181 395 370 156 194 192 239 282 238 211 243 276 162 172 283 265 289 281 280 332 276 304 173 282 317 508 435 545 654 594 555 446 471 445 327 302 231 167 59 113 145 127 90 53 75 32 44 -2 -6 -16 -19 -23 -24 -29 -36 -42 -43 -42 -42 -33 -26 -31 -48 -61 -62 -67 -55 -55 -62 -61 -67 -70 -65 -60 -61 -56 -64 -57 -58 -58 -47 -40 -19 -28
366 272 365 312 307 217 272 204 192 308 215 225 261 137 227 220 244 236 243 276 324 175 335 469 288 416 417 623 471 431 505 560 411 423 367 277 170 116 43 112 117 112 92 61 49 7 -5 -4 -5 -15 -16 -20 -21 -26 -31 -39 -39 -38 -33 -29 -20 -22 -46 -56 -58 -54 -56 -55 -56 -60 -60 -64 -62 -58 -63 -65 -67 -66 -61 -54 -54 -36 -37 -29
310 400 430 366 405 236 226 190 175 207 190 235 273 217 209 176 232 199 232 298 188 298 369 491 396 415 505 416 406 358 504 386 415 303 257 191 140 71 26 120 86 92 87 11 4 12 -4 3 -2 14 -2 -12 -18 -23 -28 -36 -38 -36 -31 -19 -4 -21 -37 -43 -44 -44 -46 -48 -55 -56 -56 -51 -52 -53 -56 -57 -56 -62 -62 -56 -53 -48 -44 -40
406 423 421 264 292 249 399 200 222 219 201 216 192 238 237 206 160 231 451 326 144 161 253 392 485 483 459 484 430 380 310 385 347 269 285 190 158 95 12 75 55 1 52 32 28 27 21 22 16 15 4 -9 -18 -24 -29 -37 -31 -29 -18 17 3 -23 -36 -41 -43 -48 -49 -50 -54 -58 -59 -59 -58 -59 -66 -64 -61 -63 -63 -63 -60 -55 -54 -52
338 402 353 273 241 264 228 255 244 210 212 199 152 181 209 180 250 268 166 146 153 179 255 454 465 468 524 413 427 398 399 355 235 228 112 153 34 87 92 67 43 32 32 31 44 55 29 37 25 -2 -9 -14 -19 -25 -31 -29 -22 -12 36 31 17 -18 -32 -35 -42 -44 -51 -48 -54 -55 -57 -59 -62 -61 -60 -53 -60 -61 -66 -59 -58 -63 -56 -57
371 501 367 230 308 219 193 209 243 271 172 185 157 156 207 177 260 183 187 123 183 236 427 445 481 361 415 451 380 404 312 313 277 227 122 115 71 23 47 54 53 57 45 55 73 74 54 28 9 2 -12 -18 -19 -22 -26 -20 -13 20 44 11 -12 -20 -28 -36 -38 -39 -43 -43 -45 -51 -53 -55 -57 -54 -55 -55 -57 -59 -59 -55 -55 -65 -72 -77
501 436 345 273 297 217 258 205 231 155 167 206 201 208 188 245 236 260 321 351 374 373 397 446 407 346 353 462 287 275 267 274 183 119 125 74 98 83 38 77 68 61 79 84 90 58 45 48 10 1 -2 -12 -15 -18 -21 -8 52 29 28 5 4 -14 -24 -28 -31 -35 -37 -41 -46 -44 -44 -52 -52 -53 -53 -54 -54 -57 -55 -58 -62 -61 -63 -86
344 367 289 316 352 232 216 172 269 203 173 144 192 189 214 200 218 447 365 434 434 360 274 416 354 387 355 442 390 322 243 210 165 132 100 77 104 81 33 56 72 85 97 90 80 52 54 40 29 15 11 6 -11 -12 -25 -4 12 17 21 2 22 6 -6 -12 -23 -28 -29 -34 -38 -40 -42 -44 -45 -48 -52 -49 -48 -54 -53 -56 -55 -53 -54 -53
380 330 473 323 245 227 234 208 188 202 227 166 229 168 211 161 122 139 350 426 359 270 254 345 419 323 214 424 310 189 230 169 163 92 108 104 117 89 73 64 65 113 102 100 75 45 29 24 8 2 19 10 -10 -11 -19 -25 -12 -10 -6 -2 41 19 -2 -6 9 -11 -20 -24 -28 -34 -37 -43 -42 -46 -50 -47 -40 -45 -47 -49 -46 -45 -44 -43
368 329 262 328 260 232 202 208 184 184 250 221 276 166 136 210 169 62 212 224 385 410 324 351 293 302 300 237 248 211 163 97 151 144 130 98 107 89 67 92 104 106 103 88 57 54 49 39 50 40 48 25 -2 -5 -8 -10 -20 -14 -9 12 32 10 10 -2 20 7 3 30 39 -15 -20 -23 -24 -25 -25 -24 -18 -7 -2 -6 -2 3 9 -5
301 402 335 206 251 303 239 227 252 245 283 350 224 166 148 138 121 124 201 213 334 407 281 338 314 289 291 249 228 205 176 143 142 128 123 121 133 106 102 99 68 66 54 40 64 78 76 62 78 46 40 37 36 -7 -6 -14 -20 -10 -12 -2 13 -2 9 5 13 45 32 41 53 19 11 19 -4 21 27 34 12 42 38 30 43 67 54 3
273 240 265 250 223 248 287 266 295 258 257 306 200 142 142 128 126 115 98 165 172 289 287 329 194 272 137 225 187 121 165 182 168 166 169 145 128 100 72 60 27 34 62 88 86 105 91 77 83 67 62 30 5 35 -6 -10 -12 -14 -14 -17 -12 -12 -11 15 30 45 116 81 91 21 45 33 5 54 19 45 31 36 31 13 -11 -29 -36 -37
230 256 256 240 264 241 276 325 283 285 239 284 203 167 126 86 158 112 143 223 245 183 299 204 308 274 207 118 184 156 165 143 139 164 159 158 134 47 60 96 62 106 110 107 96 93 60 79 86 83 112 41 17 20 5 7 -2 6 -10 -12 -15 -18 -16 -18 -5 12 13 83 68 10 5 31 45 47 41 53 56 12 22 1 -22 -30 -37 -33
307 238 326 307 245 284 275 328 212 257 220 226 154 148 113 206 165 47 158 204 169 197 188 148 219 217 285 219 102 131 195 157 120 130 133 85 50 15 46 69 61 80 112 53 71 65 110 114 99 152 59 54 57 35 27 11 21 30 11 5 22 13 1 -11 -18 -15 -9 -11 -3 56 -3 -6 -6 10 40 61 24 22 2 -20 -22 -23 -38 -38
410 520 767 168 245 268 275 211 178 177 167 298 214 181 161 177 154 152 158 191 169 74 207 185 189 72 158 175 118 98 64 120 127 59 54 56 2 13 53 55 49 27 17 47 51 81 138 61 55 28 6 22 77 46 57 54 20 46 31 10 17 5 -5 -8 -9 -14 -17 -19 -18 -14 -13 -14 21 4 64 76 72 56 12 -24 -28 -34 -33 -31
668 574 648 256 138 185 200 155 147 141 135 153 174 166 140 151 127 142 216 45 96 86 73 147 124 76 5 18 9 32 105 49 43 18 42 24 13 50 58 54 14 77 104 134 83 86 66 30 68 97 96 84 39 38 53 103 10 10 20 35 18 18 -12 -11 -12 -14 -18 -20 -20 -19 -20 -19 -19 -11 8 33 27 37 1 -32 -30 -38 -41 -41
392 1135 357 404 194 203 181 147 218 208 183 129 161 170 165 166 138 158 185 225 132 129 161 204 43 38 155 108 87 11 6 3 2 1 27 -53 41 27 28 69 100 131 129 154 111 57 102 94 179 186 257 142 90 76 67 28 4 21 10 28 49 22 20 -6 -6 -9 -10 -15 -17 -20 -21 -28 -31 -22 -23 -36 -29 -33 -29 -29 -28 -31 -36 -37
209 196 186 160 178 142 155 190 207 170 161 164 133 133 161 165 160 335 222 233 188 194 135 138 140 124 143 79 53 14 5 37 53 52 13 31 59 96 140 180 178 47 77 168 141 237 162 148 131 370 327 359 154 2 4 14 4 26 26 57 70 68 92 24 3 28 4 8 -10 -3 -10 -8 -17 -21 -21 -22 -19 21 -11 -20 -28 -31 -31 -23
152 202 153 162 152 109 126 185 139 169 145 142 109 169 148 132 200 188 156 187 216 160 142 146 160 147 114 81 49 6 56 102 122 137 103 9 64 129 207 86 42 42 23 147 247 262 331 321 320 326 327 4 3 -14 16 39 60 22 118 92 103 26 67 35 82 62 56 50 11 20 23 25 42 41 18 10 3 -11 -19 -21 -23 -7 208 221
177 192 148 146 112 125 122 133 160 121 126 109 136 194 155 145 124 151 118 126 138 132 125 142 121 146 85 95 78 5 104 155 137 143 135 -2 99 122 114 126 82 141 105 179 235 370 327 303 248 257 29 66 -18 -15 84 70 62 21 61 129 168 35 82 86 75 91 112 91 67 51 132 67 86 162 68 9 26 22 24 -2 48 201 236 250
281 217 182 169 133 154 102 101 138 117 100 139 200 200 131 149 135 133 120 125 139 159 124 132 116 145 136 129 80 60 97 182 61 115 114 153 57 120 182 40 268 160 250 350 223 252 231 278 104 -20 -35 -38 1 94 100 112 98 75 149 236 284 265 203 307 272 327 306 307 319 318 257 259 279 119 57 30 29 58 82 117 228 181 213 36
180 137 139 116 153 88 129 99 97 133 117 154 222 145 137 155 107 108 96 123 113 131 147 168 124 108 200 255 131 84 170 101 25 295 101 24 93 30 94 63 201 205 324 289 233 46 -28 -39 -36 -30 14 42 115 136 141 173 136 208 217 214 229 220 283 231 215 136 145 141 143 137 187 125 226 154 151 146 62 214 142 192 200 254 211 147
142 129 176 92 105 74 53 100 125 98 121 202 253 175 153 120 92 101 101 96 106 99 81 119 271 69 158 169 144 274 218 213 186 60 61 54 15 75 94 194 217 219 99 -18 -34 -42 -43 -44 -32 95 116 194 72 -4 23 69 21 80 4 -22 29 104 51 1 8 15 24 8 40 47 66 174 224 231 172 164 171 175 134 127 133 133 109 140
223 150 120 118 90 58 128 84 92 96 133 142 93 144 133 104 84 71 73 87 106 127 115 67 97 54 55 92 194 145 137 101 96 84 -7 95 91 98 121 119 33 47 -37 -46 -51 -59 -46 -49 -45 -39 -25 88 -43 -59 -26 23 -48 -25 -17 -17 -13 -17 -4 -17 23 32 19 54 144 168 174 182 182 218 208 180 153 153 126 109 115 128 115 51
87 90 91 99 61 50 173 187 137 86 151 116 152 142 90 139 78 65 66 73 99 90 36 101 138 62 42 126 199 84 136 126 37 68 48 -8 30 78 -4 -45 -52 -47 -55 -51 -32 -40 -61 -65 -39 -45 -43 -41 -37 -28 70 178 -9 -12 -5 -2 43 55 63 79 73 66 99 29 49 56 35 27 34 76 196 201 176 173 186 202 184 176 160 153
132 107 70 76 43 63 45 183 147 126 126 175 96 139 109 69 61 46 92 56 30 56 42 57 2 78 30 75 75 41 15 65 30 -8 -40 -48 -65 -50 -66 -68 -61 -67 -68 -66 -61 -54 -63 -62 -44 -31 37 139 192 89 26 16 -2 -10 57 51 51 49 50 52 54 123 110 26 23 66 77 135 161 112 175 178 163 139 139 146 118 110 97 100
