examples/projects/example1_Maritimes_AIS/bathy.asc
ncols 172
nrows 101
xllcenter -68.99583333333334
yllcenter 39.89583333333334
cellsize 0.08333333333333315
nodata_value -32768
[rows 0 to 37 of 101, columns 84 to 167 of 172]
-106 -171 -225 -273 -301 -332 -352 -366 -388 -394 -403 -415 -419 -415 -423 -435 -444 -452 -461 -464 -463 -469 -458 -440 -396 -335 -295 -232 -175 -140 -89 -88 -118 -90 -117 -126 -92 -35 34 55 103 210 340 380 548 448 394 418 381 488 384 402 433 412 361 325 359 356 404 459 367 361 317 276 271 271 274 317 273 272 230 242 212 255 304 217 249 228 195 239 271 218 218 233
-78 -73 -92 -104 -108 -137 -187 -230 -267 -316 -345 -363 -389 -399 -408 -418 -427 -439 -449 -453 -458 -452 -462 -466 -440 -373 -335 -248 -203 -194 -150 -135 -126 -143 -118 -75 -38 66 81 141 187 235 265 386 602 429 488 429 408 390 409 354 368 373 355 328 300 379 311 312 305 350 271 301 300 272 276 328 262 254 215 190 242 208 235 196 208 170 184 199 208 202 197 276
-66 -68 -67 -84 -73 -66 -68 -74 -92 -102 -199 -290 -343 -377 -403 -417 -430 -440 -446 -457 -473 -477 -465 -486 -482 -438 -380 -349 -276 -188 -176 -146 -110 -76 5 356 432 272 428 274 335 371 405 470 488 502 484 512 441 537 456 409 387 469 326 281 307 331 399 363 365 264 333 335 274 287 294 341 289 274 310 197 179 206 179 188 191 156 198 186 202 179 169 279
-58 -57 -69 -67 -59 -58 -60 -63 -58 -66 -80 -90 -115 -267 -349 -390 -424 -432 -461 -473 -483 -490 -482 -466 -480 -487 -449 -410 -321 -203 -155 -112 -47 222 461 263 112 149 398 434 469 406 550 501 545 445 441 419 517 522 442 434 455 384 417 424 394 397 362 354 289 275 267 285 259 274 290 303 326 280 245 228 212 233 199 199 136 167 182 243 151 169 177 211
-55 -55 -57 -57 -54 -55 -55 -53 -51 -50 -56 -66 -73 -88 -119 -268 -330 -405 -444 -467 -479 -487 -486 -479 -491 -492 -483 -443 -377 -207 -138 4 287 87 172 31 441 399 351 452 449 533 432 447 393 140 361 400 413 362 335 376 316 509 374 310 298 289 307 307 210 284 317 276 246 289 284 271 293 254 197 266 141 243 24 171 150 166 191 156 182 191 235 193
-53 -50 -52 -49 -43 -23 -18 -14 -14 -21 -27 -45 -55 -66 -77 -102 -232 -312 -388 -440 -472 -495 -507 -489 -503 -492 -501 -470 -418 -332 -162 -48 14 91 223 289 457 393 404 381 511 405 264 279 78 310 288 191 240 273 232 186 277 310 307 350 259 217 355 250 257 308 243 285 285 277 256 328 260 283 241 164 128 138 21 100 217 255 188 204 145 246 205 233
-46 -42 -39 -36 -31 -12 -18 -15 -25 -28 -30 -36 -46 -57 -62 -72 -85 -207 -312 -438 -442 -481 -508 -513 -518 -515 -506 -518 -438 -351 -272 -124 -21 452 496 423 276 315 339 324 314 252 193 136 -2 173 232 141 144 29 145 215 179 196 217 266 205 212 216 234 252 233 284 261 262 85 224 275 23 218 9 197 71 87 130 274 178 217 114 103 212 174 202 273
-37 -35 -33 -30 -24 -20 -16 -12 -17 -27 -28 -30 -40 -46 -55 -56 -66 -105 -236 -374 -450 -474 -503 -513 -505 -525 -523 -521 -464 -428 -361 -262 -37 80 186 68 81 189 135 206 137 2 -2 1 -13 -13 -27 -18 -14 -28 3 -2 47 65 40 87 2 237 79 183 209 285 321 262 151 179 169 117 104 74 10 96 131 138 252 2 316 230 173 -105 -126 9 65 112
-31 -29 -24 -14 -4 -2 2 -17 -20 -17 -28 -30 -37 -45 -48 -54 -57 -73 -102 -313 -448 -475 -487 -492 -512 -516 -530 -499 -496 -475 -428 -350 -257 -55 -12 -33 -16 -91 -100 -120 -163 -196 -207 -227 -204 -198 -183 -218 -168 -170 -98 -67 -16 -245 -262 -170 -85 -140 -192 -122 -81 63 251 222 -57 -246 -194 -246 -304 -247 -260 -234 -25 129 1 29 216 191 87 123 -89 -161 -250 -151
-22 -21 -16 -2 -10 -13 -15 -12 -8 -23 -34 -39 -43 -46 -54 -56 -61 -83 -121 -241 -303 -463 -463 -476 -492 -502 -494 -485 -483 -474 -458 -429 -348 -289 -263 -241 -166 -155 -143 -150 -177 -196 -209 -175 -197 -218 -226 -234 -199 -233 -232 -225 -260 -272 -130 -45 -151 -147 -156 -141 -232 -200 -204 -183 -203 -238 -260 -312 -252 -77 -17 4 -65 -111 45 19 -113 106 49 1 -323 -258 -50 120
-18 53 -2 -11 -15 -20 -17 -27 -30 -34 -40 -44 -51 -56 -64 -58 -62 -70 -77 -79 -91 -252 -390 -422 -445 -486 -484 -481 -474 -474 -463 -443 -434 -414 -387 -369 -352 -292 -220 -160 -152 -166 -163 -166 -181 -197 -209 -207 -207 -205 -211 -212 -223 -229 -220 -191 -176 -156 -107 -175 -68 -135 -86 -167 -245 -270 -335 -363 -372 -231 -202 -145 -145 -208 -159 -166 -47 -64 -243 -220 -82 111 214 245
-12 -5 -11 -11 -22 -15 -30 -33 -34 -42 -47 -49 -56 -65 -73 -63 -57 -67 -70 -81 -178 -245 -291 -381 -435 -460 -458 -462 -461 -466 -458 -454 -452 -436 -426 -421 -396 -394 -376 -328 -245 -202 -184 -168 -196 -210 -214 -214 -224 -226 -212 -202 -171 -142 -149 -177 -181 -207 -230 -204 -229 -263 -281 -353 -409 -440 -384 -259 -197 -150 -110 -101 -46 -15 -35 -188 -248 -193 -213 -162 -31 142 168 164
70 6 -2 -9 -19 -24 -30 -36 -37 -42 -50 -56 -59 -65 -67 -68 -91 -130 -149 -173 -192 -208 -192 -161 -394 -429 -447 -459 -458 -465 -463 -453 -448 -439 -437 -430 -421 -416 -404 -404 -367 -310 -300 -266 -243 -226 -230 -228 -219 -192 -167 -144 -154 -108 -143 -172 -194 -212 -263 -291 -307 -326 -317 -337 -326 -289 -217 -165 -133 -71 -127 -74 -145 -140 -218 -184 -246 -197 -103 -3 26 26 23 63
-28 -31 -32 -27 -23 -28 -26 -36 -42 -47 -55 -67 -88 -101 -111 -151 -179 -168 -163 -170 -171 -177 -212 -254 -347 -391 -426 -436 -445 -459 -461 -448 -449 -445 -437 -428 -431 -419 -419 -433 -432 -432 -418 -394 -291 -234 -217 -190 -144 -95 -64 -74 -104 -147 -158 -215 -269 -296 -318 -329 -336 -324 -264 -279 -234 -177 -146 -95 -25 -94 -99 -308 -232 -287 -241 -81 -44 -23 -2 65 59 9 77 -6
-44 -33 -35 -24 -24 -33 -30 -40 -44 -48 -56 -69 -93 -105 -126 -146 -176 -76 -109 -134 -152 -165 -203 -237 -279 -357 -393 -428 -440 -445 -452 -444 -441 -449 -444 -432 -432 -437 -425 -433 -435 -451 -464 -446 -430 -378 -288 -131 -79 -70 -77 -102 -153 -165 -240 -277 -316 -325 -327 -315 -300 -271 -194 -189 -150 -111 -35 -14 27 -8 -46 -194 -190 -76 22 91 73 80 127 151 213 147 85 -81
-49 -45 -43 -40 -40 -41 -42 -45 -50 -52 -61 -66 -101 -108 -130 -136 131 364 142 -40 -58 -80 -88 -135 -182 -283 -347 -396 -411 -428 -448 -434 -431 -447 -439 -435 -438 -436 -429 -426 -393 -450 -452 -457 -455 -448 -420 -342 -119 -72 -118 -155 -209 -275 -286 -320 -308 -297 -286 -256 -216 -163 -141 -119 -106 -53 -27 -21 -2 -12 -93 -141 -49 141 167 69 105 115 70 124 111 95 -90 -113
-52 -56 -57 -55 -51 -55 -55 -59 -66 -60 -59 -80 -106 -119 -103 -38 231 331 15 -20 -61 -84 -131 -169 -164 -186 -251 -327 -381 -404 -432 -420 -433 -449 -443 -451 -438 -432 -421 -423 -418 -421 -422 -449 -445 -465 -453 -430 -382 -241 -173 -216 -266 -303 -308 -322 -294 -257 -225 -166 -134 -105 -97 -89 -87 -60 -40 -26 4 -18 -107 -64 -33 11 45 24 86 -19 1 30 -38 -81 -80 -139
-73 -81 -69 -68 -64 -60 -65 -64 -64 -67 -71 -97 -126 -67 158 94 429 286 423 278 39 -92 -148 -144 -139 -126 -134 -237 -319 -370 -422 -414 -436 -446 -441 -450 -434 -431 -429 -431 -414 -408 -417 -459 -476 -474 -455 -433 -443 -395 -328 -265 -293 -330 -321 -269 -207 -174 -137 -108 -92 -115 -75 -102 -102 -86 -60 -21 151 -56 35 -86 -102 -77 -37 -55 -77 -78 -79 -86 -91 -93 -111 -150
-75 -78 -72 -72 -72 -64 -70 -68 -67 -71 -105 -84 -51 282 425 439 466 485 396 210 -18 -135 -138 -130 -122 -99 -75 -116 -160 -309 -384 -379 -380 -421 -420 -430 -421 -418 -415 -414 -414 -421 -413 -470 -457 -455 -453 -449 -438 -439 -392 -321 -291 -306 -275 -202 -140 -99 -57 -57 -71 -82 -80 -78 -98 -111 -113 -79 -56 -59 -69 -121 -130 -138 -125 -60 -63 -102 -114 -111 -103 -114 -122 -153
-56 -57 -57 -60 -65 -64 -65 -65 -64 -85 -75 -51 18 359 345 457 484 468 376 74 -47 -109 -124 -119 -109 -63 -66 -69 -82 -152 -280 -326 -352 -389 -401 -399 -409 -412 -420 -413 -403 -415 -409 -451 -458 -457 -455 -455 -443 -448 -432 -381 -335 -288 -243 -175 -77 -49 -46 -45 -49 -44 -46 -43 -72 -99 -88 -88 -98 -65 -84 -103 -141 -154 -135 -111 -111 -122 -138 -116 -129 -136 -147 -159
-47 -49 -53 -56 -60 -59 -61 -63 -92 -67 -56 -31 306 440 370 487 458 388 364 53 -111 -108 -107 -108 -75 -59 -53 -62 -72 -91 -143 -248 -287 -324 -359 -380 -387 -406 -402 -408 -405 -409 -425 -448 -446 -449 -452 -455 -449 -448 -449 -433 -394 -329 -242 -137 -55 -49 -46 -41 -41 -40 -45 -55 -57 -50 -82 -96 -124 -112 -111 -103 -124 -151 -143 -121 -127 -135 -137 -132 -95 -152 -157 -168
-12 -27 -33 -44 -56 -58 -61 -65 -63 -55 -37 22 378 201 422 461 451 362 275 -32 -69 -87 -82 -95 -64 -55 -53 -63 -75 -72 -215 -138 -150 -253 -304 -345 -364 -376 -394 -400 -407 -416 -431 -441 -446 -451 -448 -451 -454 -464 -460 -455 -429 -372 -286 -177 -54 -40 -38 -41 -42 -46 -54 -62 -54 -61 -55 -82 -95 -126 -141 -151 -157 -152 -140 -131 -142 -148 -140 -146 -137 -152 -150 -159
-17 -11 -36 -39 -49 -57 -66 -60 -46 -38 16 3 314 220 470 405 383 347 18 -26 -38 -47 -58 -45 -44 -44 -49 -65 -82 -108 -108 -119 -133 -150 -187 -276 -318 -348 -359 -373 -391 -406 -422 -428 -432 -443 -450 -450 -462 -462 -463 -460 -456 -426 -359 -280 -142 -44 -36 -39 -40 -40 -46 -46 -60 -58 -71 -81 -90 -118 -127 -145 -165 -148 -143 -140 -144 -141 -148 -154 -154 -160 -131 -168
-40 -42 -47 -51 -57 -66 -58 -51 -43 3 95 58 43 400 372 379 96 304 29 -5 21 -12 -25 -33 -40 -49 -58 -68 -81 -93 -91 -112 -123 -139 -129 -164 -234 -287 -310 -350 -367 -378 -405 -418 -431 -440 -440 -448 -453 -461 -468 -468 -461 -427 -384 -342 -256 -86 -44 -46 -36 -36 -46 -50 -52 -54 -56 -68 -70 -76 -91 -117 -126 -113 -106 -138 -150 -151 -161 -157 -164 -164 -163 -169
-42 -46 -48 -55 -56 -54 -47 -40 4 238 172 291 375 151 377 348 241 30 -14 48 -3 28 48 39 -9 -23 -32 -49 -62 -65 -63 -68 -79 -81 -99 -130 -142 -199 -280 -321 -330 -360 -382 -397 -412 -426 -428 -451 -460 -462 -462 -458 -447 -440 -409 -355 -287 -231 -185 -57 -56 -52 -59 -57 -55 -57 -63 -62 -61 -61 -68 -92 -99 -85 -74 -103 -112 -112 -127 -120 -134 -146 -147 -176
-41 -42 -47 -51 -53 -48 -39 216 167 143 57 283 225 26 295 68 44 22 -218 145 11 20 34 54 42 31 -15 -36 -37 -29 -54 -62 -59 -77 -88 -103 -112 -129 -163 -234 -299 -323 -348 -375 -391 -410 -435 -447 -471 -476 -472 -471 -466 -439 -435 -423 -340 -281 -236 -129 -67 -78 -45 -58 -50 -51 -60 -63 -55 -67 -66 -66 -69 -68 -54 -60 -66 -71 -77 -98 -99 -116 -121 -181
-40 -45 -50 -51 -47 -36 51 7 94 91 162 294 207 27 -12 80 -38 5 178 131 18 30 63 50 24 29 -25 -26 -41 -51 -62 -64 -65 -81 -72 -82 -103 -129 -153 -170 -198 -260 -306 -367 -374 -389 -425 -447 -467 -488 -490 -486 -477 -472 -452 -442 -412 -344 -300 -261 -112 -50 -50 -42 -42 -41 -51 -52 -51 -50 -62 -66 -71 -75 -72 -64 -70 -65 -70 -86 -126 -140 -157 -172
-44 -48 -45 -41 -40 -11 24 66 118 162 98 185 -3 77 45 -2 200 123 93 127 124 44 19 64 36 52 28 -36 -63 -55 -64 -68 -98 -44 -56 -103 -136 -124 -122 -152 -136 -166 -206 -266 -320 -353 -363 -401 -437 -484 -498 -484 -484 -467 -454 -439 -434 -414 -359 -319 -267 -121 -52 -47 -39 -49 -56 -66 -55 -46 -49 -62 -56 -68 -86 -72 -86 -70 -75 -95 -141 -146 -156 -159
-40 -33 -37 -37 -30 -22 -2 179 177 55 47 15 2 -14 -8 -28 -25 -5 170 78 17 86 76 78 6 -58 -67 -58 -54 -56 -41 -57 -94 -83 -93 -124 -141 -158 -163 -208 -243 -4 -165 -61 -154 -253 -348 -364 -433 -469 -481 -473 -471 -471 -464 -453 -445 -437 -416 -373 -331 -269 -83 -59 -58 -50 -56 -57 -54 -58 -57 -56 -38 -40 -74 -72 -75 -67 -78 -108 -150 -154 -165 -146
134 -2 -25 -33 -33 -20 1 234 45 108 127 199 -15 -24 -46 -41 93 91 99 98 62 28 13 1 -68 -40 -82 -79 -96 -107 -107 -116 -127 -135 -161 -181 -208 -228 -256 -262 -269 -277 -311 -140 -155 -164 -211 -321 -391 -433 -451 -469 -432 -467 -459 -448 -430 -425 -425 -396 -367 -296 -223 -77 -44 -46 -51 -42 -48 -44 -57 -44 -43 -49 -56 -73 -56 -58 -72 -101 -154 -168 -156 -148
119 46 -14 -19 -27 -24 -18 208 42 98 45 -50 186 89 17 7 78 88 82 33 18 6 -24 -52 -99 -114 -109 -138 -144 -119 -137 -156 -165 -169 -154 -168 -223 -236 -186 -229 -177 -349 -111 -183 -205 -214 -122 -245 -341 -416 -431 -451 -453 -442 -449 -440 -441 -432 -426 -402 -398 -376 -324 -293 -122 -46 -44 -42 -34 -39 -38 -50 -49 -51 -55 -54 -57 -64 -67 -82 -145 -149 -151 -134
87 -2 5 -8 3 11 78 4 84 33 63 90 14 25 41 44 6 28 2 -11 -28 -40 -72 -112 -149 -155 -143 -121 -142 -149 -155 -144 -139 -144 -162 -176 -193 -191 -216 -149 -92 -101 -220 -119 -127 -210 -135 -138 -238 -358 -414 -441 -453 -456 -445 -443 -439 -423 -424 -407 -394 -394 -366 -286 -264 -104 -44 -53 -51 -45 -44 -36 -47 -37 -42 -46 -38 -56 -61 -78 -149 -148 -149 -140
70 50 52 144 179 85 175 144 4 -17 -3 25 25 4 -36 -15 -26 -59 -148 -164 -175 -158 -186 -162 -183 -147 -133 -135 -143 -162 -173 -137 -129 -145 -165 -151 -153 -133 -117 -166 -127 -246 -118 -111 -121 -161 -91 -75 -144 -277 -380 -422 -439 -435 -445 -442 -441 -463 -443 -435 -423 -444 -399 -405 -337 -248 -79 -61 -57 -50 -45 -52 -50 -46 -33 -45 -46 -53 -72 -85 -135 -133 -144 -114
96 142 186 142 134 121 130 85 67 20 -27 -22 -4 -14 -80 -136 -146 -165 -176 -171 -165 -150 -169 -166 -155 -161 -166 -139 -132 -142 -142 -140 -74 -74 -106 -127 -122 -101 -75 -85 -111 -92 -86 -159 -109 -129 -141 -99 -208 -132 -278 -390 -435 -467 -466 -460 -476 -487 -441 -418 -407 -398 -391 -377 -376 -312 -225 -63 -66 -51 -57 -31 -45 -56 -59 -54 -47 -51 -69 -128 -127 -123 -125 -112
124 154 145 132 104 157 -6 -26 -37 -43 -51 -81 -82 -79 -103 -128 -120 -80 -129 -124 -118 -131 -141 -164 -164 -155 -101 -137 -130 -107 -85 -103 -93 -88 -95 -102 -98 -110 -69 -99 -90 -120 -99 -73 -108 -86 -168 -142 -190 -146 -157 -293 -412 -450 -432 -446 -455 -441 -432 -434 -421 -412 -399 -387 -379 -356 -309 -172 -102 -69 -71 -60 -60 -57 -56 -41 -40 -67 -92 -139 -132 -147 -149 -114
71 69 109 118 117 151 128 128 130 65 15 23 9 -15 -44 -43 -80 -94 -143 -124 -174 -159 -135 -149 -162 -148 -131 -126 -92 -79 -95 -102 -133 -97 -92 -88 -92 -110 -77 -84 -80 -76 -72 -98 -159 -115 -176 -183 -189 -90 -231 -154 -334 -422 -447 -453 -448 -449 -437 -431 -429 -422 -409 -394 -389 -373 -347 -294 -174 -67 -77 -69 -67 -56 -62 -69 -81 -52 -125 -166 -159 -155 -169 -129
142 171 162 33 41 67 93 95 -7 -6 1 3 -30 -47 -79 -125 -123 -114 -140 -94 -89 -88 -100 -115 -143 -144 -83 -81 -84 -95 -96 -85 -94 -95 -109 -94 -81 -114 -97 -104 -90 -100 -108 -135 -133 -125 -86 -64 -65 -49 -105 -92 -257 -344 -414 -431 -441 -444 -438 -431 -426 -425 -411 -402 -390 -383 -369 -333 -248 -175 -95 -58 -89 -74 -73 -97 -69 -85 -131 -153 -159 -159 -172 -148
22 34 58 52 -2 -8 -8 -23 -40 -62 -71 -68 -86 -91 -146 -144 -87 -77 -70 -64 -58 -75 -68 -85 -126 -126 -92 -117 -87 -87 -85 -95 -84 -98 -82 -101 -91 -90 -99 -90 -76 -99 -85 -141 -126 -164 -77 -64 -68 -47 -69 -140 -199 -269 -386 -434 -442 -442 -438 -432 -424 -427 -420 -425 -398 -384 -374 -343 -307 -242 -108 -89 -81 -77 -82 -86 -93 -95 -128 -140 -142 -157 -205 -153
