examples/projects/example1_Maritimes_AIS/bathy.asc
ncols 172
nrows 101
xllcenter -68.99583333333334
yllcenter 39.89583333333334
cellsize 0.08333333333333315
nodata_value -32768
[rows 38 to 75 of 101, columns 84 to 167 of 172]
37 3 -5 -2 -18 -36 -35 -45 -61 -107 -117 -140 -157 -189 -140 -109 -115 -81 -77 -65 -66 -103 -98 -91 -145 -132 -122 -116 -113 -85 -93 -114 -96 -82 -77 -76 -81 -97 -89 -91 -90 -76 -121 -112 -103 -111 -103 -164 -130 -133 -114 -102 -63 -134 -310 -409 -445 -425 -431 -435 -434 -418 -406 -405 -397 -394 -386 -371 -350 -284 -182 -97 -96 -85 -86 -81 -108 -84 -306 -164 -136 -277 -622 -696
13 -6 -17 -43 -49 -60 -82 -97 -131 -157 -176 -173 -196 -187 -176 -198 -179 -103 -121 -73 -90 -180 -175 -101 -167 -156 -127 -152 -120 -91 -85 -125 -137 -86 -84 -128 -128 -106 -93 -128 -103 -149 -116 -109 -114 -90 -103 -101 -101 -68 -62 -49 -52 -57 -149 -331 -421 -439 -436 -438 -429 -418 -420 -401 -398 -398 -393 -378 -362 -306 -281 -218 -105 -108 -94 -103 -139 -212 -411 -242 -470 -444 -1138 -1054
-39 -55 -59 -74 -88 -119 -125 -127 -147 -169 -179 -207 -206 -191 -202 -196 -171 -121 -96 -193 -155 -168 -122 -167 -186 -172 -178 -191 -203 -107 -159 -128 -81 -97 -130 -87 -129 -110 -100 -235 -122 -114 -101 -107 -177 -162 -73 -92 -61 -64 -62 -48 -36 -42 -43 -159 -391 -422 -421 -428 -421 -410 -412 -405 -407 -398 -400 -374 -375 -334 -297 -234 -287 -243 -283 -251 -300 -567 -823 -1164 -1327 -1290 -1710 -1646
-77 -81 -93 -103 -128 -106 -90 -94 -107 -118 -86 -79 -104 -225 -128 -223 -159 -141 -122 -131 -178 -202 -147 -165 -218 -240 -213 -178 -141 -131 -241 -186 -206 -116 -125 -204 -271 -54 -245 -139 -222 -121 -203 -128 -115 -81 -122 -69 -61 -55 -50 -40 -33 -32 -33 -44 -249 -407 -417 -423 -417 -421 -416 -413 -412 -392 -388 -382 -382 -367 -476 -699 -848 -946 -838 -718 -572 -645 -1422 -1816 -1700 -2007 -2186 -1876
-113 -125 -115 -131 -140 -142 -129 -121 -105 -98 -90 -81 -157 -160 -107 -87 -89 -50 -55 -70 -119 -93 -173 -102 -178 -82 -95 -121 -76 -94 -93 -68 -108 -139 -71 -236 -110 -165 -153 -122 -105 -82 -87 -75 -69 -62 -74 -68 -61 -49 -42 -37 -32 -36 -53 -56 -123 -377 -401 -413 -403 -426 -407 -403 -396 -390 -388 -378 -400 -693 -1280 -1234 -1215 -1454 -1283 -1086 -1038 -1020 -1364 -1774 -2083 -2240 -2154 -2065
-138 -142 -142 -149 -147 -146 -148 -132 -113 -99 -91 -90 -144 -69 -57 -48 -43 -35 -30 -48 -162 -166 -157 -125 -150 -85 -73 -149 -113 -96 -105 -79 -94 -111 -128 -105 -196 -68 -69 -90 -83 -68 -61 -62 -58 -66 -67 -58 -50 -38 -32 -33 -46 -59 -51 -50 -66 -259 -366 -413 -406 -411 -403 -388 -377 -367 -378 -410 -997 -1288 -1424 -1611 -1660 -1820 -1492 -1493 -1439 -1459 -1522 -1705 -2483 -2387 -2707 -2440
-165 -164 -151 -161 -161 -152 -153 -133 -109 -106 -109 -106 -94 -75 -71 -61 -48 -37 -31 -48 -68 -155 -124 -96 -86 -92 -75 -60 -49 -43 -48 -49 -59 -56 -58 -56 -56 -59 -64 -70 -87 -67 -67 -55 -61 -56 -58 -52 -47 -36 -34 -41 -58 -58 -52 -62 -66 -72 -283 -373 -386 -610 -684 -523 -503 -785 -1036 -1086 -1162 -1202 -1845 -1865 -1833 -2006 -1970 -1875 -1784 -1868 -1907 -1970 -2358 -2650 -2888 -2883
-174 -168 -156 -159 -156 -155 -132 -150 -146 -135 -129 -107 -107 -98 -81 -76 -74 -57 -32 -43 -49 -58 -65 -97 -71 -106 -79 -134 -46 -54 -61 -53 -64 -53 -65 -66 -58 -55 -64 -62 -69 -63 -64 -19 -71 -60 -61 -48 -46 -32 -59 -69 -61 -68 -64 -60 -2 -105 -367 -769 -747 -886 -1204 -890 -1333 -1497 -1431 -1780 -1582 -1733 -1996 -2203 -2253 -2368 -2363 -2467 -2191 -2256 -2233 -2442 -2454 -2601 -3007 -2782
-183 -165 -160 -130 -160 -169 -170 -154 -154 -110 -111 -97 -105 -102 -83 -67 -59 -50 -30 -48 -53 -83 -134 -128 -119 -156 -167 -152 -167 -141 -78 -123 -153 -145 -151 -122 -88 -86 -64 -66 -59 -65 -71 -38 -61 -56 -53 -46 -39 -31 -91 -83 -103 -91 -102 -164 -481 -601 -1148 -1373 -1614 -1576 -1515 -1440 -1815 -1931 -1827 -2072 -1666 -1794 -1901 -2461 -2489 -2598 -2634 -2606 -2546 -2638 -2676 -2677 -2714 -2728 -2903 -2942
-171 -164 -158 -149 -154 -171 -138 -157 -140 -91 -80 -84 -75 -88 -98 -124 -148 -143 -124 -102 -98 -97 -113 -130 -157 -149 -157 -145 -145 -138 -144 -211 -223 -110 -150 -164 -122 -76 -61 -63 -63 -65 -58 -62 -65 -84 -58 -90 -292 -327 -180 -411 -648 -409 -618 -878 -924 -781 -1470 -1683 -2095 -2089 -1807 -1561 -1945 -2176 -2034 -2399 -2219 -2400 -2498 -2603 -2729 -2743 -2815 -2773 -2746 -2900 -2833 -2897 -2875 -2890 -3103 -3026
-158 -117 -134 -118 -104 -122 -111 -143 -101 -86 -74 -65 -60 -46 -23 -70 -116 -93 -101 -102 -93 -113 -114 -95 -131 -126 -112 -162 -181 -202 -226 -154 -248 -187 -189 -205 -72 -96 -64 -64 -62 -61 -166 -228 -77 -105 -255 -158 -690 -725 -452 -860 -1400 -1208 -1498 -1473 -1750 -1737 -1906 -1655 -2154 -2225 -2044 -2193 -2156 -2462 -2444 -2468 -2470 -2269 -2762 -2861 -2860 -2921 -2971 -2960 -2927 -3064 -3056 -2910 -3064 -2989 -3093 -3260
-90 -152 -124 -103 -140 -127 -111 -137 -110 -81 -72 -53 -56 -40 -26 -29 -59 -65 -59 -84 -122 -66 -95 -95 -113 -103 -135 -70 -75 -65 -104 -187 -223 -287 -278 -258 -188 -160 -87 -73 -78 -91 -156 -669 -277 -375 -558 -968 -1161 -1535 -1100 -1133 -1436 -1648 -1713 -2238 -1703 -2259 -2198 -1976 -2275 -2513 -2316 -2327 -2522 -2685 -2677 -2734 -2414 -2481 -2823 -2998 -2769 -3097 -3099 -3152 -3107 -3104 -3256 -3236 -3208 -3089 -3375 -3357
-135 -125 -127 -156 -127 -125 -96 -131 -102 -70 -60 -56 -52 -42 -28 -19 -33 -32 -36 -36 -48 -46 -45 -45 -52 -45 -61 -59 -29 -16 -22 -12 -3 -40 -229 -505 -273 -141 -114 -106 -93 -121 -70 -336 -1344 -764 -1028 -1512 -1543 -1752 -1526 -1821 -2327 -1700 -2193 -2371 -2403 -2455 -2166 -2535 -2494 -2572 -2503 -2522 -2935 -2849 -2857 -2962 -2691 -2561 -2834 -3050 -2871 -3218 -3265 -3287 -3354 -3211 -3244 -3314 -3428 -3235 -3273 -3367
-133 -133 -92 -105 -80 -70 -69 -82 -80 -68 -60 -51 -51 -39 -33 -35 -28 -8 -75 -77 -53 -88 -89 -75 -16 -34 -25 -38 -34 -24 -26 -33 -44 -37 -40 -192 -696 -182 -132 -137 -165 -283 -393 -1135 -1613 -1930 -1605 -1784 -2410 -2488 -2322 -2061 -2633 -2387 -2393 -2666 -2959 -2737 -2383 -2471 -2729 -2867 -2437 -2685 -2717 -2945 -3016 -3128 -2663 -2801 -3269 -2849 -3001 -3211 -3321 -3407 -3410 -3461 -3201 -3231 -3410 -3555 -3583 -3429
-125 -116 -130 -81 -60 -50 -48 -49 -50 -53 -46 -53 -54 -45 -31 -31 -24 -33 -18 -24 -42 -52 -69 -54 -27 -83 -19 -34 -35 -37 -45 -50 -57 -65 -75 -92 -827 -750 -298 -61 -788 -1435 -1299 -1354 -2190 -2299 -2436 -2071 -2317 -2675 -2458 -1941 -2340 -2721 -2633 -2983 -3136 -3139 -2853 -2866 -2902 -2818 -3137 -2961 -3062 -3179 -3195 -3074 -2811 -2838 -3397 -3145 -3046 -3203 -3299 -3514 -3525 -3590 -3407 -3359 -3308 -3448 -3670 -3631
-115 -110 -83 -68 -68 -54 -52 -38 -34 -39 -53 -49 -48 -41 -37 -36 -46 -54 -51 -47 -45 -50 -51 -55 -48 -49 -50 -49 -50 -57 -60 -66 -77 -89 -97 -176 -765 -1994 -1502 -1386 -1902 -2107 -2118 -1867 -1765 -2421 -2800 -2728 -2422 -3018 -2804 -2287 -2533 -3103 -2847 -3157 -3278 -3397 -3197 -3069 -2949 -3161 -3037 -3115 -3287 -3333 -3385 -3185 -3008 -2780 -3198 -3454 -3147 -3072 -3641 -3600 -3659 -3669 -3705 -3460 -3369 -3518 -3704 -3700
-101 -87 -80 -69 -60 -54 -46 -48 -46 -41 -46 -47 -47 -42 -41 -50 -51 -51 -53 -55 -54 -52 -52 -57 -45 -43 -59 -75 -76 -76 -102 -117 -121 -123 -158 -305 -717 -1623 -2166 -2538 -2212 -2297 -2703 -2405 -2174 -2379 -2750 -3100 -2809 -3118 -3140 -2671 -2633 -2966 -3307 -3158 -3449 -3484 -3360 -3270 -3203 -3357 -3242 -2977 -3050 -3397 -3478 -3174 -2916 -3209 -3200 -3464 -3265 -3226 -3317 -3721 -3753 -3777 -3749 -3613 -3501 -3627 -3796 -3826
-94 -87 -71 -70 -68 -56 -54 -43 -43 -43 -47 -47 -53 -58 -55 -58 -58 -62 -62 -60 -57 -61 -67 -77 -87 -92 -99 -119 -171 -232 -380 -324 -347 -550 -713 -1185 -1936 -1886 -2037 -2358 -3008 -2407 -2824 -2594 -2430 -2550 -2888 -3245 -3270 -3164 -3524 -3243 -3080 -2962 -3241 -3442 -3376 -3581 -3570 -3342 -3389 -3480 -3438 -3203 -3072 -3482 -3540 -3305 -3117 -3356 -3455 -3508 -3484 -3305 -3033 -3819 -3802 -3871 -3857 -3770 -3716 -3822 -3889 -3736
-87 -77 -72 -75 -74 -65 -54 -54 -65 -57 -60 -63 -69 -64 -67 -65 -66 -72 -67 -76 -82 -92 -97 -295 -219 -208 -295 -650 -990 -1191 -1186 -1325 -1180 -1385 -1475 -1522 -1977 -2019 -2367 -2737 -2876 -3025 -3166 -2805 -2837 -2803 -3079 -3235 -3560 -3306 -3518 -3631 -3423 -3314 -3365 -3354 -3484 -3555 -3695 -3591 -3489 -3502 -3460 -3344 -3139 -3273 -3633 -3378 -3189 -3665 -3653 -3425 -3228 -3080 -3137 -3901 -3862 -3964 -4029 -3894 -3816 -3968 -3949 -3751
-86 -82 -77 -77 -71 -65 -76 -72 -70 -66 -66 -69 -70 -66 -75 -81 -81 -87 -107 -116 -126 -138 -178 -265 -1066 -806 -1198 -1629 -1603 -1748 -1585 -1869 -1878 -1928 -1823 -2157 -1986 -2268 -2205 -2859 -3058 -3353 -3212 -3154 -3097 -3187 -3328 -3344 -3580 -3608 -3582 -3715 -3655 -3621 -3665 -3425 -3474 -3603 -3750 -3720 -3586 -3585 -3506 -3467 -3244 -3177 -3686 -3703 -3442 -3488 -3691 -3475 -3252 -3113 -3042 -3359 -3985 -3993 -4059 -3974 -4090 -4022 -3781 -3940
-89 -89 -83 -85 -71 -75 -82 -73 -73 -73 -77 -81 -98 -97 -97 -122 -145 -194 -247 -644 -694 -522 -734 -664 -1051 -1696 -1587 -1991 -2216 -2063 -1917 -2015 -2290 -2290 -2397 -2225 -2328 -2710 -2829 -2706 -3165 -3377 -3382 -3228 -3387 -3242 -3512 -3522 -3535 -3695 -3664 -3804 -3781 -3855 -3765 -3462 -3496 -3803 -3929 -3824 -3722 -3713 -3650 -3534 -3422 -3379 -3297 -3785 -3622 -3438 -3718 -3537 -3302 -3161 -3121 -3427 -3950 -4092 -4156 -4168 -4052 -3876 -3912 -4114
-91 -89 -82 -86 -86 -70 -76 -74 -79 -95 -193 -139 -135 -161 -261 -412 -513 -808 -1183 -1568 -1360 -1194 -1308 -1391 -1620 -1752 -2013 -2471 -2575 -2229 -2342 -2481 -2404 -2747 -2473 -2634 -2884 -2717 -2910 -3120 -3162 -3308 -3606 -3368 -3260 -3546 -3741 -3725 -3646 -3676 -3718 -3916 -3939 -3971 -3924 -3573 -3625 -3771 -3958 -3904 -3826 -3803 -3732 -3592 -3522 -3371 -3332 -3628 -3698 -3783 -3886 -3659 -3625 -3293 -3216 -3724 -4111 -4168 -4193 -4244 -3996 -3965 -4035 -4000
-93 -94 -92 -86 -81 -83 -80 -89 -177 -367 -482 -414 -337 -576 -903 -941 -1311 -1423 -1804 -1588 -2015 -1835 -1350 -1850 -1840 -1946 -1965 -2346 -2511 -2913 -2840 -2708 -2661 -3092 -2731 -3038 -3153 -3115 -3175 -3136 -3501 -3372 -3556 -3705 -3397 -3584 -3826 -3884 -3931 -3859 -3793 -3860 -3988 -4014 -3953 -3731 -3744 -3854 -4038 -3943 -3869 -3864 -3792 -3789 -3626 -3481 -3368 -3376 -3445 -3858 -3848 -3625 -3596 -3377 -3298 -3522 -4132 -4227 -4273 -4269 -3999 -4054 -4165 -4225
-100 -97 -93 -90 -93 -108 -115 -309 -681 -1076 -1430 -1454 -869 -1024 -1385 -1387 -1598 -1643 -1747 -2363 -2213 -1757 -1756 -1976 -2194 -2253 -2199 -2403 -2515 -2685 -3144 -3314 -2675 -3198 -3014 -3205 -3387 -3258 -3621 -3581 -3669 -3542 -3470 -3731 -3813 -3579 -3712 -3804 -3953 -4026 -3967 -3976 -4011 -4123 -4048 -3653 -3760 -3924 -4118 -4073 -3969 -3964 -3909 -3834 -3665 -3642 -3604 -3526 -3441 -3723 -3938 -3737 -3639 -3474 -3382 -3474 -3932 -4324 -4310 -4282 -4148 -4110 -4189 -4269
-107 -103 -108 -122 -157 -268 -599 -1035 -1295 -1259 -1670 -1865 -1284 -1737 -1684 -1717 -1699 -1948 -2297 -2388 -2521 -2231 -2166 -2246 -2387 -2392 -2494 -2594 -2735 -2952 -3109 -3478 -3043 -3179 -3626 -3241 -3466 -3739 -3651 -3856 -3818 -3607 -3468 -3712 -3936 -3887 -3800 -3868 -3991 -4103 -4146 -4062 -3979 -4093 -4103 -3958 -3916 -3986 -4167 -4084 -4042 -4028 -3998 -3915 -3799 -3767 -3761 -3696 -3553 -3700 -4161 -3916 -3650 -3563 -3497 -3566 -3998 -4390 -4352 -4369 -4224 -4183 -4257 -4311
-202 -212 -266 -327 -435 -585 -931 -1457 -1757 -1758 -2053 -2273 -1865 -1907 -2305 -2218 -2071 -2131 -2598 -2261 -2400 -3215 -2490 -2504 -2389 -2508 -2730 -2786 -3004 -3212 -3409 -3636 -3416 -3191 -3467 -3900 -3626 -3526 -3789 -3913 -3979 -3839 -3807 -3671 -3908 -4056 -3988 -3934 -3926 -4085 -4202 -4238 -4168 -4285 -4202 -4157 -4106 -4089 -4276 -4188 -4129 -4099 -4041 -3945 -3901 -3891 -3877 -3780 -3677 -3875 -4156 -4087 -3705 -3551 -3519 -3657 -4009 -4395 -4449 -4395 -4300 -4258 -4299 -4344
-668 -767 -722 -799 -900 -1003 -1194 -1496 -1797 -2236 -2273 -2106 -2270 -2287 -2411 -2658 -2450 -2357 -2902 -2557 -2591 -2741 -3290 -3221 -2781 -2831 -2926 -3092 -3297 -3521 -3636 -3698 -3831 -3519 -3561 -3912 -3814 -3818 -3896 -4004 -4103 -3988 -3937 -3805 -3835 -4032 -4102 -4066 -4113 -4175 -4291 -4334 -4280 -4309 -4275 -4240 -4194 -4174 -4317 -4256 -4212 -4190 -4123 -4042 -4021 -3980 -3920 -3905 -3824 -3701 -4196 -4224 -3915 -3855 -3695 -3676 -3900 -4424 -4492 -4439 -4430 -4328 -4326 -4374
-1010 -1096 -1122 -1191 -1269 -1367 -1502 -1732 -2020 -2180 -2701 -2315 -2872 -2574 -2591 -2889 -2633 -2599 -2696 -2879 -2783 -2942 -3548 -3329 -3073 -3049 -3175 -3433 -3570 -3787 -3814 -3838 -3975 -4017 -3880 -3923 -4085 -3964 -4052 -4077 -4211 -4124 -4032 -3962 -3922 -4052 -4163 -4195 -4183 -4237 -4323 -4387 -4353 -4370 -4351 -4300 -4263 -4240 -4346 -4317 -4291 -4269 -4222 -4157 -4130 -4042 -4048 -3984 -3846 -3752 -3947 -4277 -4087 -3976 -3777 -3748 -3939 -4447 -4558 -4361 -4501 -4424 -4398 -4378
-1297 -1455 -1520 -1536 -1627 -1756 -1917 -2107 -2215 -2479 -2596 -2602 -2686 -3176 -2976 -3299 -2916 -2866 -2996 -3289 -3101 -3144 -3167 -3738 -3574 -3449 -3695 -3824 -4003 -4014 -4036 -4013 -4074 -4150 -4089 -3973 -4063 -4095 -3996 -4149 -4314 -4245 -4164 -4128 -4103 -4107 -4196 -4288 -4294 -4305 -4375 -4458 -4453 -4423 -4400 -4366 -4325 -4318 -4387 -4373 -4349 -4334 -4288 -4235 -4206 -4160 -4108 -4030 -3927 -3799 -3921 -4307 -4246 -4033 -3987 -3929 -3955 -4167 -4612 -4683 -4451 -4537 -4522 -4495
-1608 -1716 -1835 -1971 -2033 -2157 -2250 -2380 -2584 -2696 -2845 -3321 -3003 -3093 -3393 -3325 -3247 -3086 -3156 -3213 -3661 -3400 -3452 -3572 -3920 -3976 -3961 -3979 -4044 -4107 -4163 -4204 -4187 -4242 -4268 -4172 -4120 -4176 -4209 -4335 -4302 -4335 -4267 -4243 -4225 -4212 -4283 -4360 -4349 -4441 -4414 -4523 -4547 -4507 -4494 -4418 -4382 -4355 -4374 -4456 -4421 -4406 -4381 -4354 -4295 -4262 -4208 -4133 -4073 -3976 -4009 -4283 -4426 -4148 -4154 -4154 -4071 -4017 -4210 -4453 -4548 -4582 -4507 -4601
-1971 -2055 -2199 -2316 -2353 -2539 -2586 -2655 -2792 -2947 -3080 -3366 -3169 -3312 -3323 -3545 -3482 -3375 -3393 -3333 -3621 -3718 -3789 -3752 -3921 -4078 -4121 -4112 -4098 -4176 -4205 -4272 -4310 -4319 -4323 -4288 -4277 -4244 -4304 -4340 -4372 -4438 -4377 -4330 -4321 -4322 -4376 -4443 -4422 -4421 -4491 -4569 -4592 -4559 -4561 -4470 -4449 -4433 -4428 -4554 -4497 -4474 -4458 -4426 -4399 -4364 -4321 -4264 -4230 -4140 -4077 -4322 -4467 -4279 -4250 -4284 -4164 -4102 -4247 -4339 -4497 -4668 -4416 -4443
-2293 -2373 -2482 -2616 -2683 -2815 -2880 -2814 -3081 -3114 -3293 -3506 -3677 -3428 -3459 -3497 -3821 -3526 -3559 -3554 -3722 -3930 -3935 -3913 -3972 -4083 -4174 -4289 -4215 -4246 -4329 -4370 -4412 -4420 -4411 -4390 -4373 -4365 -4365 -4398 -4450 -4474 -4454 -4416 -4397 -4404 -4456 -4490 -4490 -4482 -4514 -4589 -4646 -4594 -4621 -4516 -4484 -4484 -4492 -4648 -4565 -4549 -4535 -4509 -4487 -4458 -4416 -4376 -4334 -4272 -4247 -4126 -4138 -4501 -4487 -4443 -4353 -4282 -4131 -4352 -4552 -4538 -4428 -4407
-2578 -2669 -2758 -2860 -2943 -3108 -3208 -3212 -3322 -3481 -3556 -3604 -3665 -3688 -3594 -3596 -3806 -3658 -3720 -3791 -3849 -3952 -4088 -4097 -4097 -4141 -4241 -4313 -4361 -4327 -4383 -4445 -4497 -4507 -4507 -4494 -4472 -4469 -4477 -4485 -4520 -4520 -4535 -4490 -4469 -4474 -4526 -4549 -4549 -4534 -4574 -4625 -4671 -4623 -4643 -4602 -4538 -4534 -4537 -4679 -4618 -4601 -4589 -4586 -4552 -4523 -4499 -4452 -4390 -4333 -4240 -4135 -4045 -4095 -4242 -4346 -4431 -4386 -4283 -4237 -4536 -4758 -4609 -4491
-2878 -2950 -2987 -3038 -3133 -3357 -3511 -3527 -3679 -3665 -3694 -3643 -3748 -3811 -3717 -3700 -3936 -3848 -3822 -3900 -4010 -4043 -4091 -4190 -4216 -4242 -4292 -4375 -4430 -4457 -4463 -4508 -4560 -4583 -4598 -4586 -4536 -4542 -4559 -4581 -4593 -4583 -4615 -4562 -4541 -4535 -4587 -4584 -4583 -4578 -4618 -4655 -4729 -4672 -4684 -4637 -4609 -4577 -4568 -4656 -4669 -4655 -4652 -4638 -4612 -4593 -4553 -4498 -4455 -4392 -4303 -4238 -4159 -4148 -4339 -4318 -4392 -4379 -4294 -4261 -4409 -4671 -4764 -4723
-3041 -3201 -3294 -3290 -3475 -3596 -3776 -3846 -3828 -3832 -3841 -3793 -3827 -3871 -3907 -3819 -3945 -4011 -3983 -3983 -4081 -4149 -4185 -4230 -4283 -4330 -4368 -4412 -4481 -4538 -4564 -4562 -4608 -4624 -4638 -4636 -4588 -4619 -4629 -4642 -4661 -4646 -4666 -4621 -4611 -4594 -4634 -4637 -4629 -4636 -4662 -4693 -4750 -4700 -4702 -4661 -4631 -4631 -4615 -4642 -4766 -4708 -4697 -4681 -4653 -4630 -4620 -4564 -4529 -4453 -4368 -4300 -4207 -4128 -4371 -4494 -4617 -4409 -4376 -4389 -4408 -4462 -4539 -4567
-3166 -3449 -3511 -3693 -3664 -3756 -3895 -4000 -3940 -3956 -3963 -3923 -3915 -3961 -3997 -3902 -3978 -4233 -4136 -4134 -4172 -4239 -4287 -4283 -4349 -4383 -4426 -4467 -4510 -4552 -4617 -4638 -4641 -4659 -4681 -4654 -4612 -4690 -4726 -4734 -4731 -4663 -4653 -4683 -4663 -4630 -4662 -4662 -4673 -4690 -4717 -4748 -4802 -4732 -4719 -4682 -4669 -4661 -4670 -4655 -4706 -4773 -4739 -4728 -4724 -4678 -4661 -4627 -4585 -4520 -4474 -4398 -4312 -4245 -4408 -4640 -4511 -4430 -4413 -4467 -4492 -4530 -4556 -4570
-3507 -3584 -3734 -3808 -3877 -3891 -3950 -4050 -4136 -4052 -4079 -4051 -4052 -4082 -4082 -4026 -4041 -4123 -4355 -4272 -4283 -4303 -4351 -4381 -4422 -4443 -4479 -4533 -4540 -4587 -4658 -4685 -4692 -4728 -4733 -4723 -4705 -4735 -4751 -4759 -4753 -4742 -4732 -4741 -4721 -4712 -4722 -4717 -4729 -4746 -4745 -4794 -4780 -4764 -4747 -4726 -4737 -4737 -4743 -4752 -4763 -4810 -4806 -4785 -4759 -4735 -4719 -4699 -4650 -4609 -4549 -4501 -4433 -4360 -4440 -4661 -4541 -4477 -4492 -4528 -4564 -4582 -4616 -4641
-3601 -3713 -3859 -3926 -4000 -4020 -4049 -4128 -4216 -4188 -4170 -4160 -4156 -4156 -4190 -4148 -4168 -4212 -4251 -4470 -4410 -4417 -4411 -4458 -4480 -4501 -4550 -4580 -4607 -4626 -4692 -4703 -4721 -4759 -4772 -4742 -4746 -4759 -4779 -4821 -4804 -4798 -4801 -4784 -4766 -4763 -4776 -4771 -4778 -4783 -4792 -4853 -4814 -4796 -4765 -4767 -4768 -4772 -4777 -4800 -4798 -4838 -4855 -4828 -4805 -4795 -4771 -4746 -4707 -4683 -4622 -4564 -4540 -4466 -4398 -4614 -4641 -4540 -4540 -4577 -4616 -4647 -4671 -4682
