examples/projects/example1_Maritimes_AIS/bathy.asc
ncols 172
nrows 101
xllcenter -68.99583333333334
yllcenter 39.89583333333334
cellsize 0.08333333333333315
nodata_value -32768
[rows 38 to 75 of 101, columns 0 to 83 of 172]
76 76 48 47 37 47 48 124 123 112 108 155 136 101 119 91 100 39 83 56 84 61 84 -18 -19 7 -4 52 -37 -26 -32 -47 -54 -78 -79 -88 -85 -85 -82 -81 -80 -70 -69 -69 -71 -68 -45 -26 80 184 81 30 27 37 58 114 115 147 -13 23 19 24 131 190 91 42 61 30 35 132 82 48 137 172 145 151 139 129 97 97 80 108 83 58
65 82 39 43 34 34 70 99 111 151 166 141 131 92 141 93 117 43 91 76 68 39 46 20 24 -18 -35 -63 -60 -56 -68 -89 -98 -93 -99 -98 -95 -88 -80 -77 -79 -76 -71 -66 -64 -33 119 76 30 25 80 217 216 215 188 204 167 141 3 34 44 149 128 125 126 25 25 56 46 38 78 76 118 115 114 98 82 64 49 52 68 38 9 10
95 32 48 37 36 41 73 184 86 143 159 128 118 154 59 105 37 86 20 51 53 29 3 -11 16 43 -61 -107 -103 -93 -103 -121 -112 -114 -109 -106 -97 -84 -83 -84 -64 -74 -57 -29 132 82 27 89 119 186 188 240 210 207 211 199 172 222 193 108 167 133 170 157 93 45 125 136 77 71 80 104 17 101 65 79 79 47 22 1 1 -22 -9 -15
57 69 54 16 63 52 86 145 83 119 107 106 137 94 91 67 30 69 12 38 58 44 15 24 18 -86 -99 -116 -107 -115 -138 -141 -130 -125 -112 -103 -101 -105 -89 -84 -65 -35 155 68 21 219 207 234 211 219 222 223 191 256 205 201 217 159 177 125 160 87 119 113 47 85 115 108 98 73 20 74 35 55 56 62 36 -6 -17 -11 -17 -51 -68 -67
114 54 18 33 126 149 113 58 134 86 162 58 64 80 52 69 45 53 85 56 44 49 42 -44 -81 -87 104 -2 -92 -144 -162 -89 -117 -129 -102 -93 -90 -71 -79 -39 130 10 21 135 169 228 256 206 192 206 194 186 168 162 163 216 199 181 172 119 53 71 111 104 19 65 51 65 38 2 8 31 34 5 15 -9 -28 -46 -45 -56 -83 -91 -99 -113
93 56 15 63 114 155 49 30 62 59 95 182 30 53 18 25 20 21 21 12 1 7 -83 -79 -85 -84 -6 -2 -32 -144 -200 -178 -125 -134 -106 -103 -74 -40 158 -3 -2 94 155 161 195 208 207 194 207 187 126 156 169 149 152 110 64 137 83 44 -7 24 59 99 129 48 31 -2 16 -13 -13 -17 -15 -15 -28 -38 -69 -83 -78 -83 -69 -132 -142 -137
71 107 137 13 56 85 116 77 27 24 62 111 63 15 4 4 2 15 8 -24 -35 -99 -79 -82 -35 -16 -18 -14 -18 -114 -200 -201 -145 -131 -91 -82 83 -2 59 122 150 118 174 173 160 196 189 184 200 183 126 72 116 132 102 126 33 31 -13 47 -64 47 55 33 99 69 -18 -27 -36 -45 -50 -52 -58 -57 -81 -88 -90 -131 -125 -123 -148 -148 -148 -153
63 54 -2 60 60 61 75 32 45 23 6 57 31 4 4 -15 -12 17 -78 -52 -56 -71 -90 -53 -44 -43 -23 -88 -86 -201 -187 -180 -156 -116 -74 2 -9 79 103 133 162 166 161 152 151 139 132 132 157 130 111 102 115 105 92 51 15 -28 -14 21 -29 -36 -26 10 29 5 -65 -58 -69 -76 -83 -102 -80 -121 -125 -123 -136 -151 -148 -157 -151 -145 -180 -207
18 -21 -18 20 31 41 -20 -13 43 69 -45 11 2 -24 -22 -47 -50 -57 -81 -87 -131 -92 -106 -115 -114 -114 -108 -102 -157 -200 -197 -190 -125 -36 -24 -6 54 74 110 120 143 156 177 135 101 92 108 114 95 93 117 124 125 88 75 77 10 3 -16 -28 -44 -57 -75 -86 -54 -47 -97 -105 -92 -98 -109 -155 -142 -135 -155 -159 -154 -172 -179 -187 -209 -224 -143 -201
88 7 3 -16 65 66 -17 38 127 78 -48 -56 -48 -46 -46 -78 -94 -83 -104 -143 -160 -173 -151 -115 -122 -137 -186 -181 -187 -198 -200 -20 -72 -35 -14 56 70 82 122 149 164 169 163 154 108 112 96 113 79 74 81 95 95 76 75 9 56 -13 -12 -67 -71 -71 -82 -103 -109 -68 -60 -113 -125 -144 -139 -147 -165 -172 -181 -178 -178 -200 -221 -214 -79 -95 -184 -167
-45 -43 4 -20 36 5 -14 -38 18 -18 -46 -68 -68 -68 -87 -112 -104 -152 -180 -242 -207 -181 -138 -103 -154 -175 -185 -182 -185 -57 -72 -46 -67 -28 -4 54 65 83 84 136 145 186 170 155 133 101 81 86 84 112 81 54 70 72 31 -5 3 -41 -56 -66 -62 -100 -115 -97 -115 -113 -68 -82 -149 -166 -171 -165 -188 -162 -200 -240 -197 -161 -146 -90 -133 -156 -173 -150
-52 18 1 -53 -5 2 4 51 -37 6 -50 -78 -80 -95 -109 -127 -129 -219 -201 -217 -169 -132 -159 -90 -152 -169 -150 -122 -82 -97 -85 -68 -58 -24 60 50 62 73 67 72 103 153 129 113 142 100 84 94 89 64 85 88 26 -2 4 -24 -47 -49 -91 -102 -85 -110 -95 -147 -139 -131 -145 -138 -157 -152 -162 -171 -186 -198 -234 -230 -183 -122 -151 -148 -149 -159 -153 -150
-97 -5 15 -35 -22 -17 -33 -54 -61 -77 -77 -101 -113 -87 -110 -142 -182 -214 -199 -156 -148 -207 -167 -111 -155 -168 -142 -111 -99 -108 -76 -66 -44 -27 17 35 48 51 53 89 121 142 97 104 102 91 97 104 93 85 103 19 33 2 -31 -52 -61 -76 -95 -82 -80 -130 -165 -170 -172 -161 -171 -178 -190 -155 -142 -198 -226 -232 -246 -230 -179 -134 -163 -131 -124 -130 -126 -103
-35 -23 -35 -36 -68 -71 -70 -89 -93 -84 -86 -107 -156 -136 -163 -183 -212 -214 -204 -178 -193 -173 -170 -154 -162 -157 -115 -93 -113 -98 -93 -69 -29 -18 8 49 61 36 36 55 89 81 78 69 84 86 90 73 110 85 89 30 -31 -45 -72 -71 -82 -107 -122 -153 -162 -165 -185 -185 -178 -211 -207 -199 -170 -164 -176 -220 -222 -251 -243 -219 -194 -154 -100 -85 -95 -124 -126 -129
-14 -39 -36 -62 -91 -87 -99 -108 -107 -140 -175 -172 -180 -181 -182 -220 -198 -215 -211 -219 -216 -176 -177 -158 -147 -143 -122 -112 -117 -84 -62 -62 -59 -33 13 35 16 13 24 42 77 78 51 58 74 47 78 55 42 64 19 -10 -30 -61 -68 -103 -93 -128 -151 -171 -164 -172 -185 -193 -228 -234 -222 -187 -125 -135 -114 -168 -253 -259 -246 -230 -183 -162 -144 -152 -139 -129 -114 -127
-48 -28 -66 -89 -94 -127 -135 -136 -147 -170 -191 -176 -163 -165 -208 -223 -219 -225 -216 -213 -191 -175 -175 -172 -185 -134 -138 -94 -99 -102 -65 -58 -53 -38 8 9 1 3 21 53 70 57 35 39 34 21 61 40 24 39 -7 -41 -71 -70 -98 -121 -144 -130 -171 -188 -199 -202 -224 -241 -240 -240 -221 -149 -136 -108 -101 -181 -281 -259 -227 -200 -186 -152 -140 -137 -130 -139 -124 -121
-60 -62 -98 -100 -114 -137 -129 -187 -190 -193 -175 -170 -162 -203 -209 -232 -234 -232 -224 -203 -191 -166 -177 -124 -151 -127 -115 -83 -93 -92 -91 -92 -54 -41 -16 1 1 4 28 49 46 47 65 87 -11 43 1 10 -10 -40 -57 -74 -94 -93 -130 -152 -172 -185 -192 -220 -229 -249 -237 -241 -232 -214 -160 -162 -88 -97 -195 -259 -260 -243 -217 -201 -156 -120 -114 -121 -122 -126 -105 -96
-85 -113 -111 -121 -147 -149 -167 -174 -180 -184 -169 -182 -194 -229 -235 -227 -233 -231 -220 -214 -209 -173 -181 -152 -154 -152 -101 -109 -128 -106 -118 -89 -66 -47 -17 -13 -2 -12 -6 32 57 19 17 17 1 -19 -25 -16 -23 -48 -71 -102 -134 -153 -141 -146 -172 -182 -203 -211 -223 -224 -232 -233 -226 -214 -156 -120 -98 -209 -235 -254 -241 -229 -199 -151 -120 -87 -68 -72 -105 -94 -103 -87
-123 -131 -143 -152 -146 -126 -167 -173 -185 -181 -180 -189 -207 -238 -241 -242 -236 -227 -220 -218 -221 -196 -208 -209 -189 -171 -150 -125 -102 -112 -113 -84 -65 -55 -29 -31 -10 -17 -12 -2 61 1 17 12 -13 -33 -57 -61 -61 -82 -95 -137 -138 -134 -151 -140 -184 -197 -194 -172 -145 -189 -231 -232 -218 -195 -166 -141 -205 -216 -224 -227 -154 -167 -114 -98 -96 -83 -78 -73 -99 -94 -100 -91
-140 -110 -124 -132 -130 -149 -165 -172 -180 -163 -181 -196 -219 -257 -258 -236 -222 -220 -218 -216 -199 -208 -204 -214 -206 -194 -177 -163 -133 -97 -91 -75 -58 -64 -45 -26 -6 -18 -35 -5 -2 11 -4 2 -36 -66 -72 -92 -118 -128 -97 -70 -65 -82 -96 -142 -189 -197 -146 -124 -124 -141 -207 -215 -202 -179 -157 -182 -194 -209 -209 -143 -105 -110 -105 -98 -97 -87 -82 -79 -78 -114 -101 -100
-147 -122 -102 -93 -140 -157 -178 -181 -169 -175 -190 -221 -240 -251 -244 -264 -234 -228 -192 -185 -201 -180 -212 -201 -177 -176 -159 -133 -106 -93 -74 -62 -62 -76 -47 -32 -7 -14 -36 -11 -6 -13 -29 -46 -65 -81 -139 -148 -165 -147 -86 -59 -63 -81 -125 -153 -190 -156 -101 -102 -107 -111 -156 -215 -202 -177 -165 -165 -195 -201 -159 -122 -102 -95 -102 -94 -90 -95 -88 -83 -88 -101 -102 -96
-147 -134 -117 -127 -157 -181 -176 -169 -170 -188 -201 -220 -228 -235 -223 -257 -240 -224 -175 -186 -187 -220 -229 -199 -195 -201 -171 -131 -97 -98 -58 -54 -62 -70 -45 -38 -22 -23 -30 -39 -41 -32 -53 -69 -93 -136 -156 -158 -164 -143 -88 -82 -84 -109 -157 -161 -163 -100 -90 -88 -90 -97 -124 -175 -190 -186 -166 -138 -157 -161 -141 -117 -106 -109 -98 -97 -87 -92 -93 -89 -89 -104 -99 -90
-159 -151 -171 -178 -176 -181 -196 -170 -190 -194 -204 -207 -210 -214 -227 -224 -214 -208 -191 -188 -196 -218 -209 -201 -181 -178 -152 -111 -129 -75 -80 -82 -55 -74 -74 -73 -60 -37 -51 -53 -52 -63 -64 -85 -114 -125 -153 -144 -141 -154 -106 -121 -122 -132 -145 -145 -104 -86 -85 -89 -83 -88 -107 -172 -181 -171 -158 -136 -136 -120 -129 -121 -116 -99 -96 -100 -91 -98 -92 -93 -91 -101 -98 -92
-170 -183 -172 -179 -165 -183 -199 -201 -202 -201 -177 -183 -186 -194 -197 -180 -189 -187 -185 -172 -174 -185 -180 -181 -171 -157 -154 -126 -115 -90 -83 -82 -78 -95 -84 -91 -80 -80 -79 -63 -76 -80 -102 -98 -98 -122 -130 -155 -127 -130 -161 -134 -129 -120 -134 -134 -104 -80 -81 -87 -90 -89 -99 -125 -142 -138 -146 -136 -150 -146 -141 -127 -124 -116 -110 -104 -97 -99 -102 -91 -100 -106 -99 -103
-98 -160 -189 -186 -194 -179 -196 -204 -185 -198 -202 -184 -188 -183 -196 -161 -165 -192 -207 -192 -197 -210 -205 -190 -159 -175 -150 -147 -123 -128 -114 -107 -99 -79 -108 -98 -89 -90 -92 -101 -87 -113 -120 -114 -124 -150 -163 -169 -155 -128 -98 -87 -89 -118 -121 -129 -108 -88 -87 -91 -92 -93 -109 -132 -138 -157 -158 -152 -157 -151 -146 -136 -125 -120 -98 -102 -109 -109 -109 -110 -103 -110 -108 -108
-125 -154 -182 -202 -187 -190 -185 -188 -187 -183 -188 -165 -158 -183 -173 -161 -193 -207 -219 -215 -231 -249 -258 -211 -203 -152 -169 -180 -163 -130 -116 -120 -125 -119 -106 -126 -132 -128 -143 -138 -136 -123 -114 -127 -152 -164 -163 -159 -111 -81 -77 -82 -86 -92 -117 -125 -120 -100 -92 -97 -93 -109 -119 -138 -143 -142 -154 -157 -160 -150 -148 -151 -131 -129 -124 -112 -102 -114 -206 -206 -131 -139 -160 -174
-113 -96 -181 -200 -201 -162 -184 -171 -175 -191 -172 -198 -163 -162 -206 -213 -209 -218 -242 -250 -235 -235 -248 -215 -209 -176 -178 -195 -224 -182 -155 -140 -142 -134 -147 -126 -139 -149 -140 -129 -126 -124 -129 -137 -151 -157 -152 -105 -90 -98 -89 -93 -86 -95 -105 -115 -117 -100 -108 -100 -99 -105 -131 -137 -157 -168 -163 -156 -151 -155 -147 -135 -128 -128 -120 -110 -116 -159 -644 -611 -457 -575 -608 -635
-168 -96 -179 -206 -215 -176 -180 -196 -192 -188 -183 -186 -200 -200 -190 -191 -224 -220 -214 -208 -200 -203 -210 -208 -183 -191 -207 -212 -161 -150 -126 -85 -66 -47 -54 -66 -73 -82 -96 -109 -123 -122 -121 -123 -123 -120 -108 -96 -102 -100 -97 -97 -103 -108 -105 -107 -115 -117 -121 -115 -129 -198 -310 -232 -246 -293 -211 -222 -204 -256 -326 -278 -271 -395 -516 -588 -375 -652 -971 -1033 -926 -946 -953 -958
-156 -133 -145 -197 -186 -189 -173 -183 -184 -176 -183 -180 -177 -182 -180 -202 -188 -198 -188 -207 -216 -203 -205 -202 -190 -174 -169 -158 -157 -155 -134 -106 -81 -61 -59 -67 -76 -84 -95 -96 -96 -95 -96 -94 -95 -95 -95 -98 -100 -102 -113 -112 -111 -121 -115 -119 -125 -142 -281 -402 -448 -620 -727 -821 -843 -722 -801 -850 -926 -1012 -1097 -1215 -1140 -1149 -1161 -1165 -1235 -1305 -1294 -1294 -1157 -1223 -1223 -1250
-168 -163 -145 -174 -194 -203 -203 -202 -202 -189 -193 -195 -187 -192 -191 -179 -200 -205 -198 -244 -258 -261 -264 -280 -261 -238 -205 -179 -166 -165 -173 -154 -109 -65 -63 -68 -82 -83 -90 -90 -88 -90 -92 -91 -92 -93 -98 -103 -108 -111 -114 -120 -119 -124 -133 -156 -334 -603 -785 -824 -941 -1034 -1043 -1040 -1114 -758 -1149 -1208 -1291 -1431 -1443 -1487 -1539 -1509 -1480 -1550 -1594 -1524 -1482 -1454 -1416 -1458 -1484 -1576
-205 -198 -186 -194 -192 -208 -218 -198 -191 -190 -182 -179 -203 -221 -230 -224 -206 -215 -243 -270 -282 -294 -306 -309 -308 -277 -229 -229 -218 -211 -212 -201 -194 -191 -171 -146 -119 -94 -83 -92 -89 -90 -93 -94 -97 -99 -104 -109 -111 -114 -118 -120 -120 -140 -279 -623 -1015 -1203 -1124 -1136 -1126 -1232 -1303 -1325 -1383 -1408 -1466 -1534 -1551 -1624 -1686 -1713 -1769 -1723 -1713 -1737 -1766 -1690 -1636 -1582 -1633 -1754 -1811 -1897
-218 -218 -209 -181 -181 -203 -215 -214 -193 -183 -154 -174 -195 -218 -221 -216 -208 -256 -287 -307 -329 -340 -345 -335 -335 -304 -316 -311 -302 -275 -259 -248 -242 -233 -231 -221 -188 -136 -107 -89 -86 -94 -96 -102 -102 -107 -112 -114 -119 -128 -148 -140 -384 -687 -1073 -1280 -1432 -1427 -1358 -1353 -1391 -1549 -1566 -1630 -1580 -1599 -1652 -1693 -1746 -1782 -1830 -1903 -1856 -1832 -1866 -1933 -1908 -1876 -1842 -1882 -2004 -2018 -2050 -2209
-224 -212 -204 -203 -203 -183 -199 -207 -205 -193 -179 -182 -172 -175 -187 -201 -245 -273 -307 -327 -338 -351 -353 -355 -356 -352 -344 -338 -335 -316 -296 -267 -251 -246 -245 -246 -231 -200 -161 -101 -92 -94 -93 -103 -109 -113 -115 -122 -134 -248 -536 -931 -1326 -1427 -1597 -1696 -1645 -1582 -1597 -1593 -1619 -1687 -1827 -1785 -1726 -1773 -1798 -1892 -1933 -1912 -1986 -2061 -1993 -1992 -2053 -2106 -2068 -2087 -2127 -2159 -2237 -2341 -2341 -2481
-208 -212 -208 -192 -194 -166 -181 -204 -205 -196 -189 -178 -175 -194 -211 -221 -239 -263 -289 -284 -287 -287 -284 -293 -292 -304 -297 -298 -289 -280 -273 -264 -237 -225 -240 -264 -241 -224 -204 -154 -103 -100 -102 -109 -115 -124 -141 -418 -659 -883 -1286 -1524 -1667 -1636 -1730 -1829 -1801 -1742 -1700 -1750 -1762 -1849 -1922 -1945 -1904 -1934 -1981 -2039 -2111 -2133 -2132 -2242 -2217 -2288 -2281 -2264 -2277 -2305 -2386 -2420 -2495 -2571 -2598 -2741
-177 -182 -193 -198 -196 -180 -162 -188 -194 -194 -172 -190 -208 -233 -237 -224 -215 -237 -251 -239 -226 -216 -213 -210 -219 -227 -232 -231 -231 -229 -225 -218 -211 -208 -234 -249 -234 -231 -226 -222 -161 -111 -111 -120 -220 -532 -987 -1149 -1309 -1434 -1568 -1732 -1945 -1823 -1846 -1956 -2008 -1986 -1916 -1906 -1952 -2079 -2098 -2051 -2063 -2140 -2159 -2188 -2229 -2258 -2281 -2381 -2382 -2472 -2396 -2481 -2450 -2598 -2636 -2649 -2747 -2811 -2909 -2967
-137 -153 -168 -182 -195 -178 -171 -185 -184 -194 -197 -214 -236 -219 -208 -198 -184 -180 -186 -171 -130 -107 -86 -74 -77 -88 -91 -98 -96 -94 -108 -143 -164 -160 -175 -217 -225 -230 -246 -249 -276 -134 -159 -406 -960 -1238 -1263 -1606 -1598 -1679 -1808 -1905 -1963 -2029 -2016 -2055 -2090 -2155 -2097 -2095 -2083 -2182 -2263 -2275 -2262 -2247 -2348 -2389 -2395 -2432 -2485 -2566 -2598 -2634 -2643 -2673 -2724 -2740 -2850 -2918 -2868 -2979 -3068 -3188
-142 -127 -145 -157 -164 -174 -179 -179 -180 -208 -223 -218 -197 -195 -189 -183 -159 -93 -65 -51 -49 -42 -49 -54 -51 -62 -74 -76 -74 -80 -79 -82 -86 -87 -93 -94 -151 -216 -255 -257 -265 -531 -972 -1083 -1318 -1469 -1587 -1853 -1839 -1887 -1956 -2021 -2089 -2159 -2155 -2166 -2226 -2212 -2274 -2283 -2315 -2355 -2386 -2397 -2428 -2429 -2491 -2546 -2601 -2664 -2658 -2769 -2783 -2792 -2796 -2860 -2897 -2978 -2997 -2984 -3108 -3156 -3301 -3356
-179 -129 -132 -139 -160 -169 -175 -178 -189 -204 -223 -209 -185 -172 -96 -59 -47 -43 -43 -26 -53 -48 -50 -58 -57 -60 -65 -67 -66 -78 -84 -83 -76 -77 -78 -122 -87 -123 -196 -242 -559 -665 -1208 -1400 -1598 -1669 -1811 -1912 -2067 -2079 -2092 -2184 -2223 -2262 -2299 -2307 -2387 -2368 -2444 -2444 -2495 -2503 -2517 -2602 -2548 -2657 -2676 -2688 -2719 -2844 -2830 -2980 -2973 -3027 -2949 -3018 -3039 -3060 -3172 -3205 -3292 -3362 -3436 -3494
